1335704751944873984.000000 0.140631199 0.038048238 0.029659044 -0.014708281 0.004829735 -0.000361830 0.999880135
1335704752144892928.000000 0.296696544 0.024914294 -0.064604566 -0.000705391 0.018856943 -0.008910999 0.999782205
1335704752344896000.000000 0.395865560 0.068198606 -0.070132323 -0.018564746 0.027078494 -0.016354308 0.999327123
1335704752544898048.000000 0.395835936 -0.022564800 -0.061465647 0.004335016 0.022097617 -0.014070347 0.999647498
1335704752744913920.000000 0.398966849 -0.054430116 -0.122364968 0.000036359 0.031641960 -0.042798162 0.998582602
1335704752944923904.000000 0.489177078 -0.001099828 -0.154671788 -0.014221013 0.033809170 -0.065562233 0.997174203
1335704753144932096.000000 0.687841415 -0.020492604 -0.152535886 0.006525695 0.054858491 -0.052630410 0.997084737
1335704753344943104.000000 0.711749732 0.029178137 -0.215905011 -0.014044457 0.077432081 -0.017497856 0.996745110
1335704753544943104.000000 0.717785239 -0.024531079 -0.210899651 0.006272941 0.069333881 -0.000943750 0.997573376
1335704753744964096.000000 0.901046395 -0.053255916 -0.285980374 0.009947130 0.100274652 -0.008937224 0.994869947
1335704753944973056.000000 0.860964417 -0.008712932 -0.291040510 -0.009108305 0.092072308 -0.011968791 0.995638728
1335704754144986112.000000 0.897728503 -0.053047854 -0.333048522 0.011725095 0.096210711 -0.016677018 0.995152235
1335704754344990976.000000 0.988606930 -0.016797526 -0.401312709 -0.001077235 0.115842342 -0.010331333 0.993213296
1335704754545003008.000000 0.977428913 -0.041497152 -0.365901291 0.005773310 0.111911118 -0.000833628 0.993701100
1335704754745015040.000000 1.034586430 -0.068379253 -0.418107867 0.009939373 0.123245776 -0.003039300 0.992321789
1335704754945021952.000000 1.042508602 -0.045278493 -0.386460751 -0.006156100 0.116455115 -0.007694439 0.993147135
1335704755145031936.000000 1.022022963 -0.087050408 -0.388580561 0.008251846 0.105156638 -0.010783315 0.994363010
1335704755345042944.000000 1.085957646 -0.058746397 -0.410615474 -0.003877959 0.122381032 -0.004293444 0.992466390
1335704755545070080.000000 1.105895519 -0.068312690 -0.419982255 0.000567555 0.120213747 -0.006859422 0.992724180
1335704755745061120.000000 1.195001483 -0.128814176 -0.471955538 0.015304144 0.149160296 -0.008751302 0.988655925
1335704755945086976.000000 1.240292668 -0.118179306 -0.510916173 -0.000684321 0.162696481 -0.012874365 0.986591995
1335704756145100032.000000 1.270253181 -0.162494555 -0.577774465 0.014232098 0.166685447 -0.022886882 0.985641718
1335704756345093120.000000 1.311220884 -0.147118717 -0.615651429 0.004213870 0.193260893 -0.013253987 0.981048882
1335704756545105920.000000 1.389521360 -0.188781679 -0.626269758 0.015370091 0.204960436 -0.012821532 0.978565633
1335704756745115904.000000 1.426618338 -0.220868275 -0.669664800 0.038343072 0.230580330 -0.008975148 0.972256184
1335704756945125120.000000 1.444140792 -0.192659229 -0.710178614 0.024543986 0.247418836 0.001691581 0.968596220
1335704757145136128.000000 1.442895651 -0.228430837 -0.763881564 0.037676394 0.257441282 -0.009083331 0.965516508
1335704757345146112.000000 1.506700277 -0.248350754 -0.840642512 0.043929838 0.296848327 -0.020004099 0.953703940
1335704757545146880.000000 1.587716818 -0.252650857 -0.881206453 0.040415853 0.331405103 -0.029799730 0.942151368
1335704757745167104.000000 1.606582880 -0.292178035 -0.926038086 0.060224582 0.348813444 -0.013857600 0.935152471
1335704757945179904.000000 1.625159025 -0.260765612 -0.941425681 0.062795788 0.368177921 0.011598080 0.927559853
1335704758145189888.000000 1.627748728 -0.278091669 -0.942337990 0.076835260 0.369994730 0.025782418 0.925492048
1335704758345196032.000000 1.654584885 -0.266975760 -0.958293021 0.073101372 0.379825115 0.033072561 0.921572208
1335704758545201920.000000 1.659030437 -0.291793704 -0.961651504 0.076609746 0.377696902 0.029471733 0.922283888
1335704758745231872.000000 1.671055436 -0.285340071 -0.980604589 0.073790878 0.381684393 0.022739857 0.921061814
1335704758945346048.000000 1.685234785 -0.284607738 -0.973456681 0.071839586 0.382696182 0.025137167 0.920733869
1335704759145533952.000000 1.666762590 -0.293337703 -0.981748402 0.078353316 0.377748400 0.030502349 0.922082782
1335704759345260032.000000 1.673083305 -0.272989988 -0.980739117 0.071260192 0.378691167 0.034324709 0.922137082
1335704759545249024.000000 1.650967836 -0.293677866 -0.971079350 0.076281518 0.370624483 0.025756717 0.925286591
1335704759745277952.000000 1.685761809 -0.266378403 -0.988590896 0.064652048 0.383724779 0.020350777 0.920956731
1335704759945280000.000000 1.648039699 -0.283044487 -0.968521059 0.068408608 0.367130876 0.016508371 0.927503467
1335704760145315072.000000 1.644215584 -0.310388535 -0.973060071 0.080001265 0.365526587 0.025883269 0.926995277
1335704760345300992.000000 1.631629229 -0.266495526 -0.948079050 0.065097898 0.359016240 0.034361988 0.930424035
1335704760545308928.000000 1.605702043 -0.285476625 -0.921893358 0.071481980 0.347523242 0.029426748 0.934479594
1335704760745339904.000000 1.606943607 -0.242655009 -0.927918553 0.053721372 0.348153025 0.030407758 0.935403049
1335704760945334016.000000 1.547695279 -0.224048793 -0.862191975 0.046712346 0.322925091 0.034747336 0.944632232
1335704761145338880.000000 1.535405159 -0.274508059 -0.859790564 0.066810727 0.318892479 0.035960317 0.944749117
1335704761345370880.000000 1.495775342 -0.234936744 -0.824450314 0.053186074 0.304359794 0.048064370 0.949855924
1335704761545368064.000000 1.465203404 -0.265204340 -0.803515077 0.065999627 0.291207075 0.048292279 0.953158140
1335704761745377024.000000 1.514471292 -0.245951205 -0.843127966 0.058466077 0.310199857 0.049800999 0.947564125
1335704761945392896.000000 1.501511335 -0.245499209 -0.832083285 0.057646841 0.304983139 0.047924608 0.949402690
1335704762145392896.000000 1.577568889 -0.281525195 -0.893396974 0.075148888 0.336246163 0.052991465 0.937274277
1335704762345401088.000000 1.611080647 -0.236595809 -0.934131503 0.060254991 0.351492763 0.058157593 0.932437658
1335704762545410048.000000 1.655852914 -0.264850080 -0.975708306 0.071322851 0.370795220 0.048106790 0.924721479
1335704762745425920.000000 1.743203163 -0.245369926 -1.060970664 0.065156735 0.412474364 0.044816349 0.907530189
1335704762945434112.000000 1.727746725 -0.249634475 -1.046699047 0.066499852 0.404594868 0.047252756 0.910850167
1335704763145442048.000000 1.758899689 -0.268854022 -1.087010503 0.076940067 0.420174569 0.046096567 0.902999878
1335704763345453056.000000 1.773442626 -0.235163555 -1.094058871 0.064987503 0.426421613 0.052689910 0.900647044
1335704763545464064.000000 1.741792679 -0.269708604 -1.066924214 0.076351166 0.410933673 0.047333360 0.907228529
1335704763745472000.000000 1.788285255 -0.248773664 -1.114570022 0.069975093 0.433683634 0.049159858 0.896997929
1335704763945483008.000000 1.743961573 -0.245030060 -1.067930937 0.066535324 0.412153214 0.050332755 0.907286882
1335704764145491968.000000 1.754527807 -0.265117645 -1.082178712 0.075165458 0.417755812 0.046197314 0.904265523
1335704764345504000.000000 1.761885047 -0.227458194 -1.087799788 0.062062655 0.421428651 0.055076096 0.903057456
1335704764545504000.000000 1.725773811 -0.262590855 -1.051111460 0.073426664 0.403015554 0.050723854 0.910831571
1335704764745523968.000000 1.770819664 -0.249657840 -1.100793362 0.070658565 0.425515026 0.051525831 0.900716066
1335704764945532928.000000 1.782569289 -0.227989256 -1.111247659 0.062556677 0.431327462 0.054038338 0.898400366
1335704765145541888.000000 1.819476366 -0.261915028 -1.162512183 0.078304678 0.450515181 0.051209182 0.887852550
1335704765345564928.000000 1.881837249 -0.218039319 -1.242627621 0.065640830 0.485601902 0.058634996 0.869737923
1335704765545562880.000000 1.887016416 -0.234897673 -1.245440960 0.070184678 0.487942696 0.051227778 0.868540049
1335704765745586944.000000 1.949462771 -0.212313607 -1.342120409 0.064739041 0.526849091 0.049935531 0.846017420
1335704765945590016.000000 1.976128340 -0.182260409 -1.379591465 0.054617584 0.543498337 0.055459410 0.835793495
1335704766145594880.000000 1.991444468 -0.218579322 -1.416604996 0.068780512 0.554856122 0.047864113 0.827715516
1335704766345605120.000000 2.046931982 -0.161499217 -1.530282259 0.052908599 0.597306907 0.058357477 0.798135042
1335704766545608960.000000 2.047414303 -0.164764449 -1.532215595 0.050811019 0.597885251 0.052355006 0.798254669
1335704766745629952.000000 2.085255146 -0.161416665 -1.640675306 0.052132845 0.633689582 0.050755411 0.770158112
1335704766945636096.000000 2.099971771 -0.128559455 -1.691359639 0.039934821 0.650526702 0.053936068 0.756512523
1335704767145645056.000000 2.104151249 -0.161678344 -1.714633226 0.051851124 0.656714261 0.046309173 0.750928342
1335704767345658112.000000 2.126210213 -0.118537009 -1.836103082 0.041133571 0.693277001 0.055330627 0.717365801
1335704767545660928.000000 2.123199940 -0.119819224 -1.815751433 0.038136899 0.687635839 0.051529139 0.723220110
