1335704751544839936.000000 -0.001999974 1.230000019 -0.115000010 -0.500000000 -0.500000000 -0.500000000 0.500000000
1335704751944873984.000000 0.036048234 1.259659052 0.025631219 -0.504698396 -0.490352005 -0.509889960 0.494819909
1335704752344896000.000000 0.066198640 1.159867764 0.280865490 -0.487229556 -0.485019147 -0.530662358 0.495743245
1335704752744913920.000000 -0.056430105 1.107635021 0.283966839 -0.462053061 -0.504887581 -0.536493182 0.493731350
1335704753144932096.000000 -0.022492448 1.077463984 0.572841465 -0.441535056 -0.500691235 -0.549023986 0.502919257
1335704753544943104.000000 -0.026530981 1.019100428 0.602785289 -0.460511446 -0.467728049 -0.530789077 0.536118209
1335704753944973056.000000 -0.010712884 0.938959360 0.745964348 -0.450352967 -0.453213483 -0.554394066 0.533316910
1335704754344990976.000000 -0.018797437 0.828687310 0.873607039 -0.434058428 -0.443312526 -0.560232043 0.548823595
1335704754745015040.000000 -0.070379168 0.811892271 0.919586480 -0.428048700 -0.441027313 -0.554333806 0.561233759
1335704755145031936.000000 -0.089050375 0.841419578 0.907022953 -0.435085565 -0.454120725 -0.551025510 0.548494041
1335704755545070080.000000 -0.070312552 0.810017705 0.990895510 -0.432541728 -0.439968705 -0.559614897 0.553323030
1335704755945086976.000000 -0.120179385 0.719083786 1.125292659 -0.405852735 -0.418042779 -0.581423581 0.567864895
1335704756345093120.000000 -0.149118856 0.614348590 1.196220756 -0.385160059 -0.402627915 -0.591674984 0.582634747
1335704756745115904.000000 -0.222868204 0.560335517 1.311618328 -0.347178787 -0.394497037 -0.586734295 0.616102219
1335704757145136128.000000 -0.230430543 0.466118336 1.327895761 -0.330657721 -0.377417445 -0.597182274 0.625775456
1335704757545146880.000000 -0.254650772 0.348793387 1.472716808 -0.270265341 -0.340480983 -0.631470144 0.642086327
1335704757945179904.000000 -0.262765348 0.288574576 1.510159016 -0.254092127 -0.305289775 -0.610671878 0.685065806
1335704758345196032.000000 -0.268975645 0.271707237 1.539584994 -0.250859201 -0.290887952 -0.597611666 0.703785658
1335704758745231872.000000 -0.287340105 0.249395370 1.556055546 -0.244163200 -0.295214176 -0.603107750 0.699638546
1335704759145533952.000000 -0.295337856 0.248251796 1.551762462 -0.248241663 -0.296092629 -0.595487773 0.704343379
1335704759545249024.000000 -0.295677781 0.258921027 1.535968184 -0.252068728 -0.302593440 -0.596936405 0.698974669
1335704759945280000.000000 -0.285044253 0.261478841 1.533039570 -0.254236251 -0.306136400 -0.604858696 0.689775705
1335704760345300992.000000 -0.268495440 0.281921148 1.516629338 -0.270335972 -0.301071823 -0.594990194 0.694450080
1335704760745339904.000000 -0.244655102 0.302081466 1.491943240 -0.281968206 -0.305281848 -0.599713504 0.683842659
1335704761145338880.000000 -0.276507974 0.370209277 1.420405030 -0.297503084 -0.328353554 -0.580435216 0.683206320
1335704761545368064.000000 -0.267204255 0.426485002 1.350203276 -0.322121859 -0.339829206 -0.565036654 0.679328561
1335704761945392896.000000 -0.247499064 0.397916794 1.386511326 -0.317348629 -0.327070892 -0.574407160 0.679978669
1335704762345401088.000000 -0.238595873 0.295868516 1.496080518 -0.289423704 -0.291521192 -0.582758904 0.701171517
1335704762745425920.000000 -0.247369781 0.169029176 1.628203034 -0.237357661 -0.257698119 -0.605015755 0.714988828
1335704763145442048.000000 -0.270853937 0.142989516 1.643899679 -0.225990906 -0.256834388 -0.600068867 0.723105490
1335704763545464064.000000 -0.271708667 0.163076103 1.626792789 -0.233638525 -0.262656331 -0.597238839 0.720923364
1335704763945483008.000000 -0.247029915 0.162068903 1.628961563 -0.239465579 -0.255668104 -0.601285994 0.718154132
1335704764345504000.000000 -0.229458198 0.142200351 1.646885037 -0.237321094 -0.244307697 -0.603673697 0.720812440
1335704764745523968.000000 -0.251657933 0.129206717 1.655819654 -0.228034183 -0.247166961 -0.602023363 0.724207759
1335704765145541888.000000 -0.263915092 0.067487597 1.704476357 -0.205120921 -0.232216448 -0.604426920 0.733940780
1335704765545562880.000000 -0.236897439 -0.015440404 1.772016764 -0.180820271 -0.199777126 -0.617535114 0.738947630
1335704765945590016.000000 -0.184260771 -0.149591029 1.861128330 -0.146568432 -0.145726711 -0.634607375 0.744684398
1335704766345605120.000000 -0.163499042 -0.300282359 1.931931734 -0.103138514 -0.097689629 -0.642087936 0.753354013
1335704766745629952.000000 -0.163416728 -0.410675585 1.970255136 -0.067545563 -0.068923026 -0.650479734 0.753367960
1335704767145645056.000000 -0.163678199 -0.484632730 1.989151120 -0.044336133 -0.049878031 -0.654741108 0.752901435
