#timestamp x y z qx qy qz qw
414.284000 -0.000000 -0.000000 0.165000 0.000000 0.707107 -0.707107 -0.000000
466.688000 -0.090118 -0.462869 0.165000 0.106394 0.699057 -0.699057 -0.106394
467.744000 -0.316276 -1.040957 0.165000 0.144296 0.692227 -0.692227 -0.144296
468.768000 -0.705039 -1.866440 0.165000 0.163177 0.688021 -0.688021 -0.163177
469.824000 -1.150319 -2.705993 0.165000 -0.177668 -0.684422 0.684423 0.177668
470.880000 -1.625759 -3.528884 0.165000 0.187989 0.681660 -0.681660 -0.187989
471.900000 -2.105067 -4.311799 0.165000 -0.195177 -0.679636 0.679637 0.195177
472.956000 -2.615515 -5.113478 0.165000 0.200014 0.678229 -0.678229 -0.200014
473.980000 -3.119118 -5.885309 0.165000 0.202961 0.677353 -0.677353 -0.202961
475.104000 -3.678839 -6.727949 0.165000 0.205657 0.676539 -0.676539 -0.205657
476.256000 -4.258908 -7.587293 0.165000 0.208112 0.675788 -0.675788 -0.208112
477.280000 -4.780137 -8.347334 0.165000 0.210573 0.675025 -0.675025 -0.210573
478.304000 -5.306798 -9.103622 0.165000 0.212884 0.674300 -0.674300 -0.212884
479.360000 -5.786298 -9.784469 0.165000 0.216611 0.673112 -0.673112 -0.216611
480.384000 -6.087470 -10.082606 0.165000 0.330574 0.625077 -0.625077 -0.330573
481.404000 -6.600539 -10.385126 0.165000 0.362066 0.607378 -0.607378 -0.362066
482.428000 -7.412822 -10.795448 0.165000 0.377620 0.597832 -0.597832 -0.377620
483.452000 -8.253135 -11.173730 0.165000 0.389961 0.589857 -0.589857 -0.389961
484.476000 -9.107478 -11.519209 0.165000 -0.400101 -0.583026 0.583026 0.400101
485.532000 -9.998368 -11.850168 0.165000 0.406921 0.578287 -0.578287 -0.406920
486.588000 -10.895864 -12.162808 0.165000 0.411826 0.574804 -0.574804 -0.411826
487.644000 -11.593339 -12.340574 0.165000 -0.502758 -0.497227 0.497227 0.502758
488.832000 -11.836654 -12.222162 0.165000 -0.665269 -0.239618 0.239618 0.665269
489.852000 -12.187662 -11.721058 0.165000 -0.677450 -0.202637 0.202637 0.677450
490.908000 -12.688042 -10.915563 0.165000 -0.682125 -0.186293 0.186293 0.682125
491.932000 -13.137776 -10.112597 0.165000 -0.686830 -0.168120 0.168120 0.686830
492.988000 -13.552299 -9.257483 0.165000 -0.691054 -0.149817 0.149817 0.691054
494.044000 -13.929576 -8.385224 0.165000 -0.693543 -0.137834 0.137834 0.693543
495.100000 -14.281223 -7.502303 0.165000 -0.695319 -0.128573 0.128573 0.695319
496.156000 -14.610595 -6.610820 0.165000 -0.696644 -0.121191 0.121191 0.696644
497.280000 -14.944398 -5.655893 0.165000 -0.697582 -0.115668 0.115668 0.697582
498.300000 -15.236511 -4.785612 0.165000 -0.698076 -0.112648 0.112648 0.698076
499.324000 -15.523011 -3.909679 0.165000 -0.698539 -0.109743 0.109743 0.698539
500.348000 -15.803629 -3.031842 0.165000 -0.698796 -0.108091 0.108091 0.698796
501.404000 -16.087116 -2.124708 0.165000 -0.699198 -0.105459 0.105459 0.699198
502.428000 -16.358435 -1.243951 0.165000 -0.699226 -0.105276 0.105276 0.699226
503.448000 -16.608822 -0.431818 0.165000 -0.699212 -0.105372 0.105372 0.699212
504.472000 -16.724403 -0.057044 0.165000 -0.699212 -0.105372 0.105372 0.699212
507.672000 -16.799303 0.064821 0.165000 -0.605736 -0.364806 0.364806 0.605736
508.696000 -16.901169 0.062027 0.165000 0.375466 0.599187 -0.599187 -0.375466
509.752000 -17.253925 -0.214105 0.165000 0.294603 0.642813 -0.642813 -0.294603
510.776000 -17.909760 -0.796402 0.165000 0.286332 0.646540 -0.646540 -0.286332
511.800000 -18.585804 -1.422149 0.165000 0.279055 0.649714 -0.649714 -0.279055
512.820000 -19.232840 -2.073189 0.165000 0.260738 0.657279 -0.657279 -0.260738
513.844000 -19.845837 -2.761194 0.165000 0.242310 0.664293 -0.664293 -0.242310
514.868000 -20.418148 -3.477669 0.165000 -0.226919 -0.669707 0.669707 0.226919
515.924000 -20.783403 -3.954782 0.165000 -0.226919 -0.669707 0.669707 0.226919
520.080000 -20.874479 -4.082633 0.165000 -0.151951 -0.690587 0.690587 0.151951
521.104000 -20.874741 -4.186121 0.165000 -0.141354 0.692834 -0.692834 0.141354
522.128000 -20.624973 -4.541526 0.165000 -0.228414 0.669199 -0.669199 0.228414
523.184000 -20.066124 -5.250062 0.165000 -0.234328 0.667151 -0.667151 0.234328
524.240000 -19.465792 -5.986838 0.165000 -0.239636 0.665263 -0.665263 0.239636
525.264000 -18.874958 -6.694126 0.165000 0.242345 -0.664281 0.664281 -0.242345
526.284000 -18.281767 -7.394732 0.165000 -0.244128 0.663628 -0.663628 0.244128
527.376000 -17.643484 -8.142053 0.165000 -0.245196 0.663234 -0.663234 0.245196
528.432000 -17.024847 -8.863544 0.165000 -0.245476 0.663130 -0.663130 0.245476
529.488000 -16.406548 -9.585322 0.165000 0.245046 -0.663289 0.663289 -0.245046
530.508000 -15.809829 -10.282926 0.165000 -0.245109 0.663266 -0.663266 0.245109
531.632000 -15.151177 -11.050724 0.165000 0.245711 -0.663043 0.663043 -0.245711
532.656000 -14.550192 -11.749411 0.165000 0.246124 -0.662890 0.662890 -0.246124
533.744000 -13.910974 -12.491188 0.165000 -0.246278 0.662833 -0.662833 0.246278
534.832000 -13.270541 -13.231915 0.165000 -0.248283 0.662084 -0.662084 0.248283
535.856000 -12.659393 -13.921721 0.165000 0.252810 -0.660369 0.660369 -0.252810
537.012000 -11.961650 -14.693460 0.165000 -0.255086 0.659493 -0.659493 0.255086
538.032000 -11.342641 -15.371363 0.165000 -0.256259 0.659038 -0.659038 0.256259
539.056000 -10.719091 -16.049988 0.165000 -0.257306 0.658630 -0.658630 0.257306
540.080000 -10.093335 -16.726580 0.165000 0.258161 -0.658295 0.658296 -0.258161
541.136000 -9.447050 -17.423412 0.165000 -0.258333 0.658228 -0.658228 0.258333
542.160000 -8.820090 -18.098888 0.165000 -0.258436 0.658188 -0.658188 0.258435
543.180000 -8.195705 -18.771841 0.165000 -0.257478 0.658563 -0.658563 0.257478
544.204000 -7.573108 -19.451338 0.165000 -0.255494 0.659335 -0.659335 0.255494
545.228000 -6.952119 -20.132305 0.165000 -0.255908 0.659175 -0.659175 0.255907
546.252000 -6.329429 -20.811722 0.165000 -0.256528 0.658933 -0.658933 0.256528
547.272000 -5.708405 -21.487780 0.165000 0.256853 -0.658807 0.658807 -0.256853
548.328000 -5.276175 -22.039164 0.165000 -0.149698 0.691079 -0.691079 0.149698
549.352000 -5.180675 -22.513987 0.165000 0.022381 -0.706752 0.706753 -0.022381
550.408000 -5.197808 -23.050142 0.165000 0.034945 0.706243 -0.706243 -0.034945
551.432000 -5.307970 -23.871220 0.165000 -0.056409 -0.704853 0.704853 0.056409
552.456000 -5.473724 -24.777733 0.165000 0.069875 0.703646 -0.703646 -0.069875
553.476000 -5.665932 -25.675358 0.165000 0.078961 0.702684 -0.702684 -0.078961
554.600000 -5.900022 -26.640728 0.165000 -0.087248 -0.701704 0.701704 0.087248
555.624000 -6.027658 -27.146059 0.165000 -0.087248 -0.701704 0.701704 0.087248
559.848000 -6.040533 -27.339945 0.165000 -0.119857 0.696875 -0.696875 0.119857
560.904000 -5.818640 -27.722052 0.165000 -0.224144 0.670641 -0.670641 0.224144
561.924000 -5.452146 -28.137728 0.165000 -0.265142 0.655515 -0.655515 0.265142
562.948000 -4.815610 -28.753628 0.165000 -0.285395 0.646954 -0.646954 0.285394
563.972000 -4.119646 -29.357634 0.165000 -0.300587 0.640037 -0.640037 0.300587
564.996000 -3.400613 -29.934057 0.165000 -0.310684 0.635197 -0.635197 0.310684
566.084000 -2.620942 -30.526436 0.165000 0.317102 -0.632017 0.632017 -0.317103
567.140000 -1.855876 -31.090288 0.165000 -0.320418 0.630343 -0.630343 0.320418
568.260000 -1.036575 -31.677464 0.165000 -0.326463 0.627234 -0.627234 0.326463
569.316000 -0.252765 -32.214931 0.165000 0.332881 -0.623851 0.623851 -0.332881
570.340000 0.519970 -32.717091 0.165000 0.341746 -0.619039 0.619039 -0.341746
571.364000 1.287171 -33.189770 0.165000 0.340510 -0.619720 0.619720 -0.340510
572.388000 2.003225 -33.675411 0.165000 -0.326972 0.626968 -0.626968 0.326972
573.408000 2.751134 -34.207706 0.165000 -0.321219 0.629935 -0.629935 0.321219
574.432000 3.478914 -34.745502 0.165000 -0.316714 0.632212 -0.632212 0.316714
575.520000 3.913764 -35.070599 0.165000 -0.316714 0.632212 -0.632212 0.316714
577.568000 4.013855 -35.143635 0.165000 -0.326321 0.627307 -0.627307 0.326321
578.656000 4.506699 -35.465313 0.165000 0.343321 -0.618167 0.618167 -0.343322
579.780000 5.371286 -35.975567 0.165000 0.357509 -0.610072 0.610072 -0.357509
580.800000 6.179650 -36.410545 0.165000 0.366830 -0.604513 0.604513 -0.366830
581.924000 7.082290 -36.867199 0.165000 -0.373383 0.600488 -0.600488 0.373383
582.948000 7.911334 -37.269722 0.165000 -0.376909 0.598281 -0.598281 0.376909
583.968000 8.730902 -37.661854 0.165000 -0.368077 0.603755 -0.603754 0.368077
584.992000 9.160950 -38.007786 0.165000 -0.166839 0.687142 -0.687142 0.166839
586.016000 9.179439 -38.167839 0.165000 -0.071051 -0.703528 0.703528 0.071051
587.040000 9.095731 -38.343166 0.165000 0.240354 0.665004 -0.665004 -0.240354
588.060000 8.954630 -38.443573 0.165000 0.403517 0.580667 -0.580667 -0.403517
589.084000 8.757360 -38.467560 0.165000 -0.527426 -0.470980 0.470980 0.527426
590.140000 8.654240 -38.420959 0.165000 -0.668753 -0.229716 0.229716 0.668753
591.228000 8.588258 -38.202484 0.165000 -0.706648 -0.025475 0.025475 0.706648
592.252000 8.650229 -37.968594 0.165000 -0.692377 0.143578 -0.143578 0.692377
593.308000 8.782807 -37.812920 0.165000 -0.618160 0.343334 -0.343334 0.618160
594.332000 9.021262 -37.715393 0.165000 -0.499684 0.500316 -0.500316 0.499684
595.356000 9.302102 -37.782997 0.165000 -0.371818 0.601458 -0.601458 0.371818
596.412000 9.455504 -37.953098 0.165000 0.197998 -0.678820 0.678820 -0.197998
597.468000 9.511083 -38.115284 0.165000 -0.082689 -0.702255 0.702255 0.082689
598.488000 9.446109 -38.189068 0.165000 0.390314 0.589623 -0.589623 -0.390314
599.512000 9.346171 -38.189968 0.165000 -0.581363 -0.402514 0.402514 0.581363
600.536000 9.201251 -38.061558 0.165000 -0.664264 -0.242390 0.242390 0.664264
601.560000 8.942381 -37.632450 0.165000 -0.692872 -0.141166 0.141166 0.692872
602.580000 8.796787 -37.144630 0.165000 -0.703784 -0.068471 0.068471 0.703784
603.672000 8.733130 -36.602840 0.165000 -0.706911 -0.016628 0.016628 0.706911
604.728000 8.737167 -36.012901 0.165000 -0.706819 0.020172 -0.020172 0.706819
605.748000 8.738091 -35.628716 0.165000 -0.701582 -0.088218 0.088218 0.701582
606.772000 8.675432 -35.552094 0.165000 -0.586186 -0.395457 0.395457 0.586186
607.796000 8.540023 -35.571053 0.165000 0.393007 0.587831 -0.587831 -0.393007
608.820000 8.087105 -35.816151 0.165000 0.348827 0.615077 -0.615077 -0.348827
609.840000 7.342113 -36.290054 0.165000 0.333582 0.623477 -0.623477 -0.333582
610.864000 6.584118 -36.814194 0.165000 0.323643 0.628693 -0.628693 -0.323643
611.920000 5.817519 -37.375927 0.165000 0.316198 0.632470 -0.632470 -0.316198
613.044000 5.013941 -37.990395 0.165000 -0.310725 -0.635177 0.635177 0.310724
614.064000 4.293186 -38.558918 0.165000 -0.306573 -0.637192 0.637192 0.306573
615.088000 3.575011 -39.136475 0.165000 0.304484 0.638192 -0.638192 -0.304484
616.144000 2.838087 -39.736641 0.165000 0.302660 0.639059 -0.639059 -0.302660
617.200000 2.104048 -40.340336 0.165000 0.301416 0.639647 -0.639647 -0.301416
618.224000 1.394178 -40.928066 0.165000 0.300453 0.640100 -0.640100 -0.300453
619.280000 0.720137 -41.489071 0.165000 -0.299995 -0.640315 0.640315 0.299995
620.532000 0.416165 -41.742264 0.165000 -0.299995 -0.640315 0.640315 0.299995
626.836000 0.302482 -41.793446 0.165000 -0.514405 -0.485167 0.485167 0.514405
627.924000 0.215895 -41.735649 0.165000 -0.683990 -0.179326 0.179326 0.683990
628.948000 0.127412 -41.414833 0.165000 -0.703687 -0.069456 0.069456 0.703687
629.972000 0.016120 -40.686646 0.165000 -0.705808 -0.042839 0.042839 0.705808
630.996000 -0.070176 -39.769199 0.165000 -0.706686 -0.024402 0.024402 0.706685
632.016000 -0.115962 -38.852386 0.165000 -0.707010 -0.011726 0.011726 0.707009
633.108000 -0.134907 -37.869793 0.165000 -0.707102 -0.002623 0.002623 0.707102
634.196000 -0.133381 -36.890606 0.165000 -0.707099 0.003391 -0.003391 0.707099
635.220000 -0.118208 -35.969139 0.165000 -0.707060 0.008125 -0.008125 0.707060
636.240000 -0.093149 -35.051487 0.165000 -0.707022 0.010939 -0.010939 0.707022
637.332000 -0.060593 -34.069225 0.165000 -0.706999 0.012332 -0.012332 0.706999
638.352000 -0.025346 -33.152710 0.165000 -0.706904 0.016928 -0.016928 0.706904
639.444000 0.033652 -32.171700 0.165000 -0.706668 0.024920 -0.024920 0.706667
640.532000 0.110146 -31.195501 0.165000 -0.706470 0.030008 -0.030008 0.706470
641.620000 0.197677 -30.220226 0.165000 -0.706344 0.032846 -0.032846 0.706343
642.644000 0.284746 -29.302748 0.165000 -0.706293 0.033914 -0.033914 0.706293
643.668000 0.374020 -28.385481 0.165000 -0.706260 0.034598 -0.034598 0.706260
644.688000 0.464075 -27.471910 0.165000 -0.706252 0.034758 -0.034758 0.706252
645.712000 0.554959 -26.554800 0.165000 -0.706233 0.035154 -0.035154 0.706232
646.736000 0.647331 -25.637842 0.165000 -0.706199 0.035825 -0.035825 0.706199
647.760000 0.741254 -24.721041 0.165000 -0.706174 0.036316 -0.036316 0.706174
648.848000 0.842238 -23.747061 0.165000 -0.706156 0.036665 -0.036665 0.706156
649.904000 0.941035 -22.801809 0.165000 -0.706143 0.036911 -0.036911 0.706143
650.928000 1.037142 -21.885235 0.165000 -0.706139 0.036991 -0.036991 0.706138
651.984000 1.137038 -20.940100 0.165000 -0.706117 0.037406 -0.037406 0.706117
653.004000 1.234313 -20.027267 0.165000 -0.706109 0.037553 -0.037553 0.706109
654.028000 1.332058 -19.110867 0.165000 -0.706106 0.037600 -0.037600 0.706106
655.052000 1.429999 -18.194487 0.165000 -0.706108 0.037567 -0.037567 0.706108
656.076000 1.527508 -17.278061 0.165000 -0.706124 0.037272 -0.037272 0.706124
657.164000 1.629866 -16.304224 0.165000 -0.706155 0.036685 -0.036685 0.706154
658.188000 1.724660 -15.387513 0.165000 -0.706182 0.036145 -0.036145 0.706182
659.244000 1.821649 -14.442075 0.165000 -0.706180 0.036189 -0.036189 0.706180
660.264000 1.915625 -13.528896 0.165000 -0.706175 0.036283 -0.036283 0.706175
661.288000 2.010426 -12.612186 0.165000 -0.706163 0.036520 -0.036520 0.706163
662.344000 2.109312 -11.666944 0.165000 -0.706132 0.037109 -0.037109 0.706132
663.368000 2.206048 -10.750436 0.165000 -0.706128 0.037191 -0.037191 0.706128
664.424000 2.305818 -9.805287 0.165000 -0.706131 0.037136 -0.037136 0.706131
665.544000 2.411455 -8.802839 0.165000 -0.706134 0.037078 -0.037078 0.706134
666.568000 2.507903 -7.886301 0.165000 -0.706138 0.037011 -0.037011 0.706137
667.592000 2.604130 -6.969738 0.165000 -0.706144 0.036884 -0.036884 0.706144
668.648000 2.702959 -6.024491 0.165000 -0.706151 0.036752 -0.036752 0.706151
669.704000 2.801669 -5.079231 0.165000 -0.706148 0.036816 -0.036816 0.706148
670.728000 2.897624 -4.162640 0.165000 -0.706144 0.036892 -0.036892 0.706144
671.748000 2.993305 -3.249640 0.165000 -0.706143 0.036908 -0.036908 0.706143
672.772000 3.089323 -2.333056 0.165000 -0.706146 0.036847 -0.036847 0.706146
673.796000 3.185141 -1.416451 0.165000 -0.706150 0.036778 -0.036778 0.706150
674.916000 3.289854 -0.413905 0.165000 -0.706150 0.036766 -0.036766 0.706150
675.940000 3.385386 0.502731 0.165000 -0.706157 0.036643 -0.036643 0.706157
676.996000 3.483723 1.448029 0.165000 -0.706158 0.036624 -0.036624 0.706158
678.020000 3.579033 2.364688 0.165000 -0.706158 0.036615 -0.036615 0.706158
679.076000 3.677288 3.309995 0.165000 -0.706159 0.036606 -0.036606 0.706159
680.132000 3.775560 4.255301 0.165000 -0.706162 0.036539 -0.036539 0.706162
681.188000 3.873483 5.200643 0.165000 -0.706168 0.036425 -0.036425 0.706168
682.212000 3.967433 6.117440 0.165000 -0.706205 0.035710 -0.035710 0.706204
683.232000 4.059029 7.030859 0.165000 -0.706242 0.034972 -0.034972 0.706241
684.256000 4.149522 7.948005 0.165000 -0.706262 0.034563 -0.034563 0.706262
685.344000 4.244679 8.922570 0.165000 -0.706276 0.034264 -0.034264 0.706276
686.368000 4.333735 9.839857 0.165000 -0.706280 0.034185 -0.034185 0.706280
687.456000 4.428689 10.814443 0.165000 -0.706264 0.034511 -0.034511 0.706264
688.480000 4.518275 11.731677 0.165000 -0.706292 0.033942 -0.033942 0.706292
689.568000 4.610940 12.706482 0.165000 -0.706311 0.033548 -0.033548 0.706311
690.592000 4.698728 13.623892 0.165000 -0.706294 0.033896 -0.033896 0.706294
691.616000 4.787261 14.541230 0.165000 -0.706286 0.034066 -0.034066 0.706286
692.672000 4.878828 15.487208 0.165000 -0.706283 0.034133 -0.034133 0.706282
693.760000 4.973469 16.461823 0.165000 -0.706275 0.034296 -0.034296 0.706275
694.816000 5.065808 17.407726 0.165000 -0.706266 0.034465 -0.034465 0.706266
695.840000 5.155608 18.324940 0.165000 -0.706264 0.034518 -0.034518 0.706264
696.928000 5.251202 19.299461 0.165000 -0.706260 0.034602 -0.034602 0.706260
697.952000 5.341857 20.216595 0.165000 -0.706232 0.035168 -0.035168 0.706232
698.976000 5.434483 21.133526 0.165000 -0.706198 0.035831 -0.035831 0.706198
700.032000 5.530501 22.079062 0.165000 -0.706217 0.035456 -0.035456 0.706217
701.120000 5.627983 23.053398 0.165000 -0.706227 0.035253 -0.035253 0.706227
702.176000 5.723429 23.998991 0.165000 -0.706195 0.035900 -0.035900 0.706195
703.200000 5.816287 24.915901 0.165000 -0.706227 0.035270 -0.035270 0.706227
704.220000 5.907457 25.829365 0.165000 -0.706226 0.035291 -0.035291 0.706226
705.244000 5.999737 26.746328 0.165000 -0.706218 0.035434 -0.035434 0.706218
706.300000 6.093805 27.692062 0.165000 -0.706251 0.034786 -0.034786 0.706250
707.356000 6.187565 28.637825 0.165000 -0.706242 0.034968 -0.034968 0.706242
708.380000 6.278511 29.554930 0.165000 -0.706246 0.034872 -0.034872 0.706246
709.404000 6.369070 30.472067 0.165000 -0.706253 0.034739 -0.034739 0.706253
710.424000 6.459384 31.385614 0.165000 -0.706233 0.035154 -0.035154 0.706232
711.448000 6.551870 32.302559 0.165000 -0.706196 0.035881 -0.035881 0.706196
712.472000 6.645919 33.219345 0.165000 -0.706174 0.036302 -0.036302 0.706174
713.496000 6.741026 34.136024 0.165000 -0.706154 0.036701 -0.036701 0.706154
714.552000 6.840145 35.081242 0.165000 -0.706133 0.037098 -0.037098 0.706133
715.640000 6.943131 36.055012 0.165000 -0.706125 0.037247 -0.037247 0.706125
716.664000 7.039544 36.971550 0.165000 -0.706145 0.036876 -0.036876 0.706145
717.684000 7.135107 37.884571 0.165000 -0.706143 0.036901 -0.036901 0.706143
718.776000 7.237740 38.861992 0.165000 -0.706135 0.037052 -0.037052 0.706135
719.832000 7.337038 39.807190 0.165000 -0.706132 0.037118 -0.037118 0.706132
720.888000 7.437399 40.752277 0.165000 -0.706099 0.037741 -0.037741 0.706099
721.908000 7.535998 41.664967 0.165000 -0.706080 0.038091 -0.038091 0.706080
722.932000 7.634919 42.581238 0.165000 -0.706088 0.037937 -0.037937 0.706088
723.956000 7.733381 43.497559 0.165000 -0.706103 0.037667 -0.037667 0.706103
724.980000 7.831564 44.413914 0.165000 -0.706095 0.037822 -0.037822 0.706095
726.000000 7.929596 45.326664 0.165000 -0.706100 0.037718 -0.037718 0.706100
727.092000 8.033425 46.303970 0.165000 -0.706135 0.037058 -0.037058 0.706135
728.112000 8.129240 47.216957 0.165000 -0.706143 0.036911 -0.036911 0.706143
729.136000 8.225561 48.133518 0.165000 -0.706130 0.037163 -0.037163 0.706130
730.160000 8.323546 49.049896 0.165000 -0.706077 0.038144 -0.038144 0.706077
731.216000 8.427369 49.994606 0.165000 -0.706019 0.039207 -0.039207 0.706019
732.240000 8.530847 50.910374 0.165000 -0.705963 0.040197 -0.040197 0.705963
733.360000 8.645882 51.911789 0.165000 -0.705939 0.040618 -0.040618 0.705939
734.384000 8.751879 52.827274 0.165000 -0.705932 0.040738 -0.040738 0.705932
735.472000 8.864138 53.800014 0.165000 -0.705956 0.040321 -0.040321 0.705956
736.528000 8.972129 54.744259 0.165000 -0.705953 0.040372 -0.040372 0.705953
737.552000 9.076667 55.659908 0.165000 -0.705989 0.039736 -0.039736 0.705989
738.576000 9.179029 56.575809 0.165000 -0.706031 0.038983 -0.038983 0.706031
739.596000 9.280091 57.488232 0.165000 -0.706026 0.039083 -0.039083 0.706026
740.620000 9.382271 58.404152 0.165000 -0.706008 0.039412 -0.039412 0.706008
741.644000 9.484239 59.320095 0.165000 -0.706038 0.038869 -0.038869 0.706038
742.732000 9.588939 60.293678 0.165000 -0.706138 0.036997 -0.036997 0.706138
743.756000 9.684582 61.210304 0.165000 -0.706146 0.036849 -0.036849 0.706146
744.812000 9.785336 62.155346 0.165000 -0.706074 0.038215 -0.038215 0.706073
745.868000 9.888920 63.100086 0.165000 -0.706056 0.038533 -0.038533 0.706056
746.892000 9.984438 63.967567 0.165000 -0.705573 0.046552 -0.046552 0.705573
747.948000 10.116110 64.379875 0.165000 -0.658609 0.257360 -0.257360 0.658609
748.968000 10.282764 64.439758 0.165000 -0.538095 0.458752 -0.458752 0.538095
749.992000 10.858027 64.488899 0.165000 -0.511968 0.487738 -0.487738 0.511968
751.048000 11.794914 64.503113 0.165000 -0.496437 0.503538 -0.503538 0.496437
752.072000 12.715937 64.471878 0.165000 0.487350 -0.512338 0.512338 -0.487350
753.128000 13.664533 64.413643 0.165000 -0.481900 0.517467 -0.517467 0.481900
754.152000 14.583296 64.341492 0.165000 -0.478443 0.520665 -0.520665 0.478443
755.172000 15.497601 64.259247 0.165000 0.475862 -0.523025 0.523026 -0.475862
756.228000 16.443474 64.166626 0.165000 -0.474284 0.524457 -0.524457 0.474284
757.252000 17.360212 64.072083 0.165000 0.473052 -0.525568 0.525568 -0.473052
758.276000 18.276552 63.973740 0.165000 0.472154 -0.526375 0.526376 -0.472153
759.332000 19.221289 63.870152 0.165000 -0.471973 0.526537 -0.526537 0.471973
760.388000 19.920973 63.768356 0.165000 -0.454258 0.541894 -0.541894 0.454258
