# image_name qw qx qy qz tx ty tz
2012-04-29/1335704127712909.png 0.98845317 -0.00741751 0.00184189 -0.15133380 75.840365 109.017645 -3.295762
2012-04-29/1335704127912912.png 0.98845317 -0.00741751 0.00184189 -0.15133380 75.840365 109.017645 -3.295762
2012-04-29/1335704128112920.png 0.98845317 -0.00741751 0.00184189 -0.15133380 75.840365 109.017645 -3.295762
2012-04-29/1335704128312932.png 0.98845317 -0.00741751 0.00184189 -0.15133380 75.840365 109.017645 -3.295762
2012-04-29/1335704128512940.png 0.98845317 -0.00741751 0.00184189 -0.15133380 75.840365 109.017645 -3.295762
2012-04-29/1335704128712953.png 0.98845317 -0.00741751 0.00184189 -0.15133380 75.840365 109.017645 -3.295762
2012-04-29/1335704128912963.png 0.98845317 -0.00741751 0.00184189 -0.15133380 75.840365 109.017645 -3.295762
2012-04-29/1335704129112992.png 0.98845317 -0.00741751 0.00184189 -0.15133380 75.840365 109.017645 -3.295762
2012-04-29/1335704129312981.png 0.98845317 -0.00741751 0.00184189 -0.15133380 75.840365 109.017645 -3.295762
2012-04-29/1335704129512991.png 0.98845317 -0.00741751 0.00184189 -0.15133380 75.840365 109.017645 -3.295762
2012-04-29/1335704129713031.png 0.98845317 -0.00741751 0.00184189 -0.15133380 75.840365 109.017645 -3.295762
2012-04-29/1335704129913039.png 0.98845317 -0.00741751 0.00184189 -0.15133380 75.840365 109.017645 -3.295762
2012-04-29/1335704130113040.png 0.98845317 -0.00741751 0.00184189 -0.15133380 75.840365 109.017645 -3.295762
2012-04-29/1335704130313031.png 0.98845317 -0.00741751 0.00184189 -0.15133380 75.840365 109.017645 -3.295762
2012-04-29/1335704130513037.png 0.98845317 -0.00741751 0.00184189 -0.15133380 75.840365 109.017645 -3.295762
2012-04-29/1335704130713054.png 0.98845317 -0.00741751 0.00184189 -0.15133380 75.840365 109.017645 -3.295762
2012-04-29/1335704130913063.png 0.98845317 -0.00741751 0.00184189 -0.15133380 75.840365 109.017645 -3.295762
2012-04-29/1335704131113072.png 0.98845317 -0.00741751 0.00184189 -0.15133380 75.840365 109.017645 -3.295762
2012-04-29/1335704131313089.png 0.98845317 -0.00741751 0.00184189 -0.15133380 75.840365 109.017645 -3.295762
2012-04-29/1335704131513115.png 0.98845317 -0.00741751 0.00184189 -0.15133380 75.840365 109.017645 -3.295762
2012-04-29/1335704131713120.png 0.98845317 -0.00741751 0.00184189 -0.15133380 75.840365 109.017645 -3.295762
2012-04-29/1335704131913130.png 0.98845317 -0.00741751 0.00184189 -0.15133380 75.840365 109.017645 -3.295762
2012-04-29/1335704132113151.png 0.98845317 -0.00741751 0.00184189 -0.15133380 75.840365 109.017645 -3.295762
2012-04-29/1335704132313156.png 0.98845317 -0.00741751 0.00184189 -0.15133380 75.840365 109.017645 -3.295762
2012-04-29/1335704132513154.png 0.98845317 -0.00741751 0.00184189 -0.15133380 75.840365 109.017645 -3.295762
2012-04-29/1335704132713207.png 0.98845317 -0.00741751 0.00184189 -0.15133380 75.840365 109.017645 -3.295762
2012-04-29/1335704132913184.png 0.98845317 -0.00741751 0.00184189 -0.15133380 75.840365 109.017645 -3.295762
2012-04-29/1335704133113192.png 0.98845317 -0.00741751 0.00184189 -0.15133380 75.840365 109.017645 -3.295762
2012-04-29/1335704133313210.png 0.98845317 -0.00741751 0.00184189 -0.15133380 75.840365 109.017645 -3.295762
2012-04-29/1335704133513214.png 0.98845317 -0.00741751 0.00184189 -0.15133380 75.840365 109.017645 -3.295762
2012-04-29/1335704133713225.png 0.98845317 -0.00741751 0.00184189 -0.15133380 75.840365 109.017645 -3.295762
2012-04-29/1335704133913235.png 0.98845317 -0.00741751 0.00184189 -0.15133380 75.840365 109.017645 -3.295762
2012-04-29/1335704134113262.png 0.98845317 -0.00741751 0.00184189 -0.15133380 75.840365 109.017645 -3.295762
2012-04-29/1335704134313261.png 0.98845317 -0.00741751 0.00184189 -0.15133380 75.840365 109.017645 -3.295762
2012-04-29/1335704134513265.png 0.98845317 -0.00741751 0.00184189 -0.15133380 75.840365 109.017645 -3.295762
2012-04-29/1335704134713300.png 0.98845317 -0.00741751 0.00184189 -0.15133380 75.840365 109.017645 -3.295762
2012-04-29/1335704134913289.png 0.98845317 -0.00741751 0.00184189 -0.15133380 75.840365 109.017645 -3.295762
2012-04-29/1335704135113295.png 0.98845317 -0.00741751 0.00184189 -0.15133380 75.840365 109.017645 -3.295762
2012-04-29/1335704135313306.png 0.98845317 -0.00741751 0.00184189 -0.15133380 75.840365 109.017645 -3.295762
2012-04-29/1335704135513317.png 0.98845317 -0.00741751 0.00184189 -0.15133380 75.840365 109.017645 -3.295762
2012-04-29/1335704135713330.png 0.98845317 -0.00741751 0.00184189 -0.15133380 75.840365 109.017645 -3.295762
2012-04-29/1335704135913338.png 0.98845317 -0.00741751 0.00184189 -0.15133380 75.840365 109.017645 -3.295762
2012-04-29/1335704136113363.png 0.98845317 -0.00741751 0.00184189 -0.15133380 75.840365 109.017645 -3.295762
2012-04-29/1335704136313361.png 0.98845317 -0.00741751 0.00184189 -0.15133380 75.840365 109.017645 -3.295762
2012-04-29/1335704136513370.png 0.98845317 -0.00741751 0.00184189 -0.15133380 75.840365 109.017645 -3.295762
2012-04-29/1335704136713381.png 0.98845317 -0.00741751 0.00184189 -0.15133380 75.840365 109.017645 -3.295762
2012-04-29/1335704136913381.png 0.98845317 -0.00741751 0.00184189 -0.15133380 75.840365 109.017645 -3.295762
2012-04-29/1335704137113414.png 0.98845317 -0.00741751 0.00184189 -0.15133380 75.840365 109.017645 -3.295762
2012-04-29/1335704137313411.png 0.98845317 -0.00741751 0.00184189 -0.15133380 75.840365 109.017645 -3.295762
2012-04-29/1335704137513422.png 0.98845317 -0.00741751 0.00184189 -0.15133380 75.840365 109.017645 -3.295762
2012-08-04/1344081606189856.png 0.98843209 -0.00700680 0.00450345 -0.15143525 75.841808 109.017215 -3.295717
2012-08-04/1344081606389875.png 0.98825660 -0.00771281 0.00097529 -0.15260557 75.831698 109.020497 -3.295790
2012-08-04/1344081606589904.png 0.98821400 -0.00753217 0.00175140 -0.15288324 75.826896 109.022086 -3.295806
2012-08-04/1344081606789924.png 0.98823564 -0.00772460 0.00128625 -0.15273831 75.826753 109.022134 -3.295807
2012-08-04/1344081606989934.png 0.98821886 -0.00790236 0.00037881 -0.15284270 75.827958 109.021735 -3.295803
2012-08-04/1344081607189979.png 0.98834023 -0.00738697 0.00326319 -0.15204726 75.835270 109.019318 -3.295779
2012-08-04/1344081607389991.png 0.98845132 -0.00733893 0.00418679 -0.15130303 75.841960 109.017168 -3.295712
2012-08-04/1344081607590005.png 0.98845774 -0.00735347 0.00382489 -0.15126995 75.841645 109.017262 -3.295722
2012-08-04/1344081607790028.png 0.98845651 -0.00729329 0.00488221 -0.15125044 75.840839 109.017501 -3.295747
2012-08-04/1344081607990052.png 0.98846007 -0.00741938 0.00427734 -0.15123939 75.837483 109.018587 -3.295771
2012-08-04/1344081608190072.png 0.98826574 -0.00765414 0.00254243 -0.15253125 75.830553 109.020867 -3.295794
2012-08-04/1344081608390095.png 0.98824750 -0.00738390 0.00398140 -0.15263192 75.829653 109.021165 -3.295797
2012-08-04/1344081608590116.png 0.98824480 -0.00734074 0.00430473 -0.15264271 75.829653 109.021165 -3.295797
2012-08-04/1344081608790141.png 0.98824481 -0.00738424 0.00405430 -0.15264742 75.829653 109.021165 -3.295797
2012-08-04/1344081608990162.png 0.98824481 -0.00749885 0.00322499 -0.15266160 75.829653 109.021165 -3.295797
2012-08-04/1344081609190197.png 0.98819711 -0.00780640 0.00208409 -0.15297446 75.829653 109.021165 -3.295797
2012-08-04/1344081609390218.png 0.98830430 -0.00765912 0.00245775 -0.15228232 75.829653 109.021165 -3.295797
2012-08-04/1344081609590542.png 0.98837530 -0.00766479 0.00233524 -0.15182248 75.832934 109.020083 -3.295786
2012-08-04/1344081609790286.png 0.98837224 -0.00775153 0.00179213 -0.15184536 75.833060 109.020042 -3.295786
2012-08-04/1344081609990285.png 0.98838972 -0.00770094 0.00164176 -0.15173582 75.833060 109.020042 -3.295786
2012-08-04/1344081610190306.png 0.98839217 -0.00749205 0.00191917 -0.15172709 75.833060 109.020042 -3.295786
2012-08-04/1344081610390335.png 0.98841376 -0.00747172 0.00227815 -0.15158239 75.833060 109.020042 -3.295786
2012-08-04/1344081610590352.png 0.98832376 -0.00775788 0.00032259 -0.15217047 75.830196 109.020985 -3.295795
2012-08-04/1344081610790583.png 0.98827594 -0.00793108 -0.00078533 -0.15247016 75.827973 109.021718 -3.295802
2012-08-04/1344081610990385.png 0.98826645 -0.00821238 -0.00252105 -0.15249798 75.827998 109.021710 -3.295802
2012-08-04/1344081611190418.png 0.98830242 -0.00828681 -0.00308750 -0.15225020 75.830532 109.020873 -3.295794
2012-08-04/1344081611390438.png 0.98849438 -0.00772853 -0.00005530 -0.15106002 75.839963 109.017774 -3.295764
2012-08-04/1344081611590462.png 0.98843254 -0.00761306 0.00046013 -0.15146929 75.844773 109.016330 -3.295622
2012-08-04/1344081611790521.png 0.98840796 -0.00751570 0.00100885 -0.15163182 75.844566 109.016392 -3.295629
2012-08-04/1344081611990497.png 0.98845239 -0.00792470 -0.00201731 -0.15131095 75.838814 109.018154 -3.295767
2012-08-04/1344081612190526.png 0.98825384 -0.00868593 -0.00631038 -0.15244369 75.826841 109.022089 -3.295806
2012-08-04/1344081612390547.png 0.98824753 -0.00852046 -0.00600764 -0.15250616 75.826648 109.022152 -3.295807
2012-08-04/1344081612590568.png 0.98841693 -0.00820071 -0.00362056 -0.15149788 75.834552 109.019549 -3.295781
2012-08-04/1344081612790593.png 0.98849224 -0.00853418 -0.00508346 -0.15094505 75.839348 109.017977 -3.295766
2012-08-04/1344081612990618.png 0.98847297 -0.00863920 -0.00561270 -0.15104654 75.841654 109.017262 -3.295721
2012-08-04/1344081613190636.png 0.98835224 -0.00810640 -0.00175039 -0.15195749 75.849700 109.014865 -3.295466
2012-08-04/1344081613390713.png 0.98829824 -0.00799096 -0.00141172 -0.15231792 75.849620 109.014889 -3.295468
2012-08-04/1344081613590667.png 0.98832072 -0.00843873 -0.00399271 -0.15210192 75.843229 109.016809 -3.295672
2012-08-04/1344081613790698.png 0.98838003 -0.00922749 -0.00858678 -0.15147952 75.832266 109.020334 -3.295789
2012-08-04/1344081613990711.png 0.98833515 -0.00929447 -0.00911756 -0.15173699 75.829345 109.021294 -3.295798
2012-08-04/1344081614191039.png 0.98845850 -0.00883464 -0.00616827 -0.15110823 75.836210 109.019041 -3.295776
2012-08-04/1344081614390766.png 0.98841558 -0.00828500 -0.00156452 -0.15153730 75.847028 109.015696 -3.295552
2012-08-04/1344081614590993.png 0.98837533 -0.00815243 -0.00194373 -0.15180237 75.849736 109.014887 -3.295465
2012-08-04/1344081614790810.png 0.98824332 -0.00829149 -0.00264492 -0.15264142 75.848034 109.015398 -3.295520
2012-08-04/1344081614990829.png 0.98834314 -0.00878345 -0.00548038 -0.15189030 75.840468 109.017668 -3.295760
2012-08-04/1344081615190850.png 0.98840978 -0.00895520 -0.00658331 -0.15140199 75.835475 109.019308 -3.295779
2012-08-04/1344081615390872.png 0.98841513 -0.00910604 -0.00703368 -0.15133785 75.834765 109.019541 -3.295781
2012-08-04/1344081615590894.png 0.98844240 -0.00928453 -0.00845510 -0.15107591 75.835237 109.019387 -3.295779
2012-08-04/1344081615791146.png 0.98847116 -0.00863614 -0.00409560 -0.15110727 75.841469 109.017379 -3.295729
2012-08-04/1344081615991016.png 0.98842226 -0.00792310 -0.00077172 -0.15151922 75.852976 109.013940 -3.295363
