1344081606189856.png 1.0 0.0 0.0 0.0 4.708732581576235 1.6687051491968719 0.20799182735448654
1344081606389875.png 1.0 0.0 0.0 0.0 4.708732581576235 1.6687051491968719 0.20799182735448654
1344081606589904.png 0.05439492154983378 0.831271586604746 0.41481005438213553 0.3660073231462802 -204.38008272831388 -67.99516152544751 259.12354920617724
1344081606789924.png 0.7777033492728913 0.6175825249273756 0.0792694671112093 -0.08651980708461984 1.82495696487095 329.8080949655287 -63.715516312407566
1344081606989934.png 0.784187725079637 -0.3991270924296466 -0.3349948107500898 0.33693568035100047 257.39490619203616 -124.48566869809177 -146.73716645282977
1344081607189979.png 0.7417819711755856 -0.19764276935172492 -0.6404454449706163 -0.02294504256331458 312.08288650907934 -97.44816993883285 -20.14969929316922
1344081607389991.png 0.8026082417018751 0.5037802697310848 0.31829081240224555 -0.02676581630024585 -157.0619936147146 283.7132936671195 -87.3265131199754
1344081607590005.png 0.41019346497388776 0.8289668022194079 -0.35366190275575854 0.13956582909158308 15.183789003788357 255.9417415742622 222.41220867214992
1344081607790028.png 0.949538749166737 -0.1341414881891934 -0.20785106658883315 0.1928215732099 151.383496498155 -46.33760434077477 -282.7553870023763
1344081607990052.png 0.8343644403712962 0.44305920901474666 -0.1858104270507886 -0.2702017822856172 162.61550967796381 174.28202850459527 -133.2629076909702
1344081608190072.png 0.9730570603116726 -0.10467214587137565 0.16623677774080517 0.12070224928575829 -94.70634589191128 -72.4141413725464 -308.7678479128412
1344081608390095.png 0.8354571697037169 0.42823975620981025 -0.18676743311855018 -0.28937856644597104 178.7569039512661 174.2503894991719 -152.814536531874
1344081608590116.png 0.4521754936707464 0.6541601396073523 0.582852914999044 0.1670159098697579 -246.41012647615904 141.30487330534143 192.5037936162592
1344081608790141.png 0.8931713705868415 0.39539505400287395 -0.04188761190601469 -0.21012634771227245 78.24042186561145 209.98416178196902 -199.80572171331818
1344081608990162.png 0.44959782860940783 0.6569399922363809 0.5814966639485815 0.1677893588009678 -246.00657300376827 140.48920182766201 194.3011332034204
1344081609190197.png 0.8439006104494778 0.43406065642603603 -0.19779114437279205 -0.2455641859752735 165.03738282822403 177.41295422123665 -137.70497868592102
1344081609390218.png 0.8178492112208436 0.4141616282491169 0.39791802921123137 0.03541264491864578 -241.3381976101841 206.16442691329652 -88.89217573632622
1344081609590542.png 0.8426507547646719 0.4606406974513387 -0.1766725074500282 -0.21572361590097874 146.3237127058512 197.67518931293873 -125.16248085215449
1344081609790286.png -0.1255405094719347 0.9504470712683482 0.22540619807632215 0.1734416070835489 -82.65474903878281 -121.36999604917357 319.4827296527545
1344081609990285.png -0.06571505013653518 0.9532667188043994 0.20649421691023714 0.2105332120784629 -122.79647257851232 -92.10214080169186 324.75449314306604
1344081610190306.png 0.8013797994663231 0.35162547400976063 0.4796978683113791 0.06356019329930884 -285.27262947803564 162.81581050928992 -79.4148232678862
1344081610390335.png 0.8377368052462264 0.45270902852656514 -0.19613677436270877 -0.23405543439316148 161.15739612985834 186.16986724947628 -125.32514588189693
1344081610590352.png 0.46537241084555986 0.7253887444195533 0.48858313833898387 0.13611100478669974 -214.29183484951346 183.5378022462452 194.2085552344173
1344081610790583.png 0.7592735508385154 -0.38822226476684013 -0.43047677631130543 -0.29576492894358575 150.84389199906647 -281.125093652971 -98.64057036291585
1344081610990385.png 0.6227527393556508 0.458533604463874 0.6207591264657456 0.12877913694339027 -298.604593200373 149.09568515605673 70.14325995367109
1344081611190418.png 0.8464614862412111 0.4442127143186564 -0.18410047465839785 -0.22865920488474673 152.89025713504336 187.59381434893876 -134.34152233993214
1344081611390438.png -0.17497058716411332 0.8916340884209849 -0.08147780740362984 0.409555018152411 -281.02727727626615 -133.47684208313717 243.56019221618087
1344081611590462.png 0.8437453879527425 0.43460377274499595 -0.1972445845034582 -0.24557657646516368 164.6989586086989 177.5524260851361 -137.45230614458399
1344081611790521.png 0.8439070276659422 0.43457104650156514 -0.1966612542338628 -0.24554691055220632 164.68304205973922 177.84613826399467 -137.80248823110418
1344081611990497.png 0.593667087927393 0.4792656804955699 0.6276782532812584 0.15454386616335258 -299.83356721705917 137.26474794038768 90.43614198486881
1344081612190526.png 0.8523719840093347 0.4678747123808785 -0.10871854218543017 -0.20672574337894037 112.67408587782808 220.71712206723552 -140.09811738018502
1344081612390547.png 0.8516781178163221 0.4429569954281012 -0.1816514671763361 -0.21315775450787727 147.03177729412707 191.26770563334048 -135.4110117969237
1344081612590568.png 0.6884276458166056 0.3517493601204814 0.6211185919473231 0.1286524732277356 -318.6586834515915 120.07265323487721 9.708225023380887
1344081612790593.png 0.8302541073873329 0.43995863108781874 -0.22724998232792334 -0.2558749023053156 181.43368489621398 168.43708873375905 -124.5067938478836
1344081612990618.png -0.18498790434607654 0.8719045806439562 -0.08221609221390394 0.44587261822050567 -289.5812362324587 -127.50391667065382 213.40429890441897
1344081613190636.png 0.8572342942148559 0.44082861061155265 -0.13250864934185258 -0.2307833588841364 130.6025204584635 201.17457843940363 -152.82596223691488
1344081613390713.png 0.6113040297955059 0.46847215654715074 0.6236280114071078 0.13390042973886868 -297.5595606955172 147.30434840035886 79.18222255450765
1344081613590667.png 0.6663384557215012 0.37792338028069467 -0.5443689000177507 -0.34180327932505683 324.103770716514 27.572957267315818 -13.718913849836653
1344081613790698.png 0.9828539740285196 -0.017249367886705842 0.18350816197004105 0.0050278757176786286 -114.30816405881245 -7.948697647475467 -308.8641397769574
1344081613990711.png 0.6378994878521055 0.4386777268631662 0.6171649421007315 0.14054725039639826 -305.59371808477744 140.79276138406266 55.18722789534316
1344081614191039.png 0.8356273805990893 0.44563231368437833 -0.18666188964440197 -0.2613351502339364 169.91329147133996 185.37004761969925 -139.51587864192712
1344081614390766.png -0.07092752592379085 0.9531384376623588 0.20202659378100973 0.213732683794806 -124.76033869242166 -95.6626086498093 323.5662101117968
1344081614590993.png -0.2537963106178366 0.8871868418494393 -0.04996347791941812 0.38208715136757565 -247.36148713828334 -177.17787126049606 222.17307478436433
1344081614790810.png 0.9738040288387912 0.02991504066049345 -0.04365806899673462 -0.22114424426400184 42.9404923919107 12.598685306616249 -325.92515292044504
1344081614990829.png 0.8481835308008624 0.45317901879965794 -0.1399304588026681 -0.23586636406498687 137.47232488638494 203.6263178509887 -144.3494119934142
1344081615190850.png 0.5346517479836113 0.5881138864949528 0.5903182572317073 0.14069086704115186 -265.33425786909913 163.67572953059658 141.38697790594162
1344081615390872.png 0.8289609274032564 0.43833952090964334 -0.23296703309739056 -0.257698674302443 185.25950634760568 166.53378472238003 -124.29448485185917
1344081615590894.png 0.47329561350303595 0.7318158282377601 0.484779862456366 0.07365691234536813 -181.02337648924367 212.0374223842525 192.55535803843168
1344081615791146.png 0.8467982009585132 0.4433681609670953 -0.18406589062601197 -0.22907908809434127 153.02325659616747 187.2553275782881 -134.94585699075986
1344081615991016.png 0.8231625877094784 0.2438812547575167 0.5127270372894717 0.006022707505439533 -279.99477175364376 140.18066536489366 -120.52985642734457
