2012-08-04/1344081606189856.png SIMPLE_RADIAL 808 616 290.0 404.0 308.0 0.0
2012-08-04/1344081606389875.png SIMPLE_RADIAL 808 616 290.0 404.0 308.0 0.0
2012-08-04/1344081606589904.png SIMPLE_RADIAL 808 616 290.0 404.0 308.0 0.0
2012-08-04/1344081606789924.png SIMPLE_RADIAL 808 616 290.0 404.0 308.0 0.0
2012-08-04/1344081606989934.png SIMPLE_RADIAL 808 616 290.0 404.0 308.0 0.0
2012-08-04/1344081607189979.png SIMPLE_RADIAL 808 616 290.0 404.0 308.0 0.0
2012-08-04/1344081607389991.png SIMPLE_RADIAL 808 616 290.0 404.0 308.0 0.0
2012-08-04/1344081607590005.png SIMPLE_RADIAL 808 616 290.0 404.0 308.0 0.0
2012-08-04/1344081607790028.png SIMPLE_RADIAL 808 616 290.0 404.0 308.0 0.0
2012-08-04/1344081607990052.png SIMPLE_RADIAL 808 616 290.0 404.0 308.0 0.0
2012-08-04/1344081608190072.png SIMPLE_RADIAL 808 616 290.0 404.0 308.0 0.0
2012-08-04/1344081608390095.png SIMPLE_RADIAL 808 616 290.0 404.0 308.0 0.0
2012-08-04/1344081608590116.png SIMPLE_RADIAL 808 616 290.0 404.0 308.0 0.0
2012-08-04/1344081608790141.png SIMPLE_RADIAL 808 616 290.0 404.0 308.0 0.0
2012-08-04/1344081608990162.png SIMPLE_RADIAL 808 616 290.0 404.0 308.0 0.0
2012-08-04/1344081609190197.png SIMPLE_RADIAL 808 616 290.0 404.0 308.0 0.0
2012-08-04/1344081609390218.png SIMPLE_RADIAL 808 616 290.0 404.0 308.0 0.0
2012-08-04/1344081609590542.png SIMPLE_RADIAL 808 616 290.0 404.0 308.0 0.0
2012-08-04/1344081609790286.png SIMPLE_RADIAL 808 616 290.0 404.0 308.0 0.0
2012-08-04/1344081609990285.png SIMPLE_RADIAL 808 616 290.0 404.0 308.0 0.0
2012-08-04/1344081610190306.png SIMPLE_RADIAL 808 616 290.0 404.0 308.0 0.0
2012-08-04/1344081610390335.png SIMPLE_RADIAL 808 616 290.0 404.0 308.0 0.0
2012-08-04/1344081610590352.png SIMPLE_RADIAL 808 616 290.0 404.0 308.0 0.0
2012-08-04/1344081610790583.png SIMPLE_RADIAL 808 616 290.0 404.0 308.0 0.0
2012-08-04/1344081610990385.png SIMPLE_RADIAL 808 616 290.0 404.0 308.0 0.0
2012-08-04/1344081611190418.png SIMPLE_RADIAL 808 616 290.0 404.0 308.0 0.0
2012-08-04/1344081611390438.png SIMPLE_RADIAL 808 616 290.0 404.0 308.0 0.0
2012-08-04/1344081611590462.png SIMPLE_RADIAL 808 616 290.0 404.0 308.0 0.0
2012-08-04/1344081611790521.png SIMPLE_RADIAL 808 616 290.0 404.0 308.0 0.0
2012-08-04/1344081611990497.png SIMPLE_RADIAL 808 616 290.0 404.0 308.0 0.0
2012-08-04/1344081612190526.png SIMPLE_RADIAL 808 616 290.0 404.0 308.0 0.0
2012-08-04/1344081612390547.png SIMPLE_RADIAL 808 616 290.0 404.0 308.0 0.0
2012-08-04/1344081612590568.png SIMPLE_RADIAL 808 616 290.0 404.0 308.0 0.0
2012-08-04/1344081612790593.png SIMPLE_RADIAL 808 616 290.0 404.0 308.0 0.0
2012-08-04/1344081612990618.png SIMPLE_RADIAL 808 616 290.0 404.0 308.0 0.0
2012-08-04/1344081613190636.png SIMPLE_RADIAL 808 616 290.0 404.0 308.0 0.0
2012-08-04/1344081613390713.png SIMPLE_RADIAL 808 616 290.0 404.0 308.0 0.0
2012-08-04/1344081613590667.png SIMPLE_RADIAL 808 616 290.0 404.0 308.0 0.0
2012-08-04/1344081613790698.png SIMPLE_RADIAL 808 616 290.0 404.0 308.0 0.0
2012-08-04/1344081613990711.png SIMPLE_RADIAL 808 616 290.0 404.0 308.0 0.0
2012-08-04/1344081614191039.png SIMPLE_RADIAL 808 616 290.0 404.0 308.0 0.0
2012-08-04/1344081614390766.png SIMPLE_RADIAL 808 616 290.0 404.0 308.0 0.0
2012-08-04/1344081614590993.png SIMPLE_RADIAL 808 616 290.0 404.0 308.0 0.0
2012-08-04/1344081614790810.png SIMPLE_RADIAL 808 616 290.0 404.0 308.0 0.0
2012-08-04/1344081614990829.png SIMPLE_RADIAL 808 616 290.0 404.0 308.0 0.0
2012-08-04/1344081615190850.png SIMPLE_RADIAL 808 616 290.0 404.0 308.0 0.0
2012-08-04/1344081615390872.png SIMPLE_RADIAL 808 616 290.0 404.0 308.0 0.0
2012-08-04/1344081615590894.png SIMPLE_RADIAL 808 616 290.0 404.0 308.0 0.0
2012-08-04/1344081615791146.png SIMPLE_RADIAL 808 616 290.0 404.0 308.0 0.0
2012-08-04/1344081615991016.png SIMPLE_RADIAL 808 616 290.0 404.0 308.0 0.0
